r = 0.08
l = 0.4
volume = 0.16 * 0.16 * 0.4
density = 997
uplift = 9.82 * density * volume * 2

98.2 